|File Name|Change Type|Local File PATH Old|Local File PATH New|Complexity|Methods|Tokens|Lines Of Code (nloc)|Lines Added|Lines Deleted
0|xdr4.c|MODIFY|fs/lockd/xdr4.c|fs/lockd/xdr4.c|57|21|1834|275|1|0
