|File Name|Change Type|Local File PATH Old|Local File PATH New|Complexity|Methods|Tokens|Lines Of Code (nloc)|Lines Added|Lines Deleted
0|mlme_osdep.h|ADD|new file|drivers/staging/rtl8723bs/include/mlme_osdep.h|not calculated|0|68|6|27|0
