|File Name|Change Type|Local File PATH Old|Local File PATH New|Complexity|Methods|Tokens|Lines Of Code (nloc)|Lines Added|Lines Deleted
0|route.c|MODIFY|net/ipv4/route.c|net/ipv4/route.c|126|27|15226|2324|1|1
