|File Name|Change Type|Local File PATH Old|Local File PATH New|Complexity|Methods|Tokens|Lines Of Code (nloc)|Lines Added|Lines Deleted
0|page_alloc.c|MODIFY|mm/page_alloc.c|mm/page_alloc.c|707|195|19934|3375|1|1
