|File Name|Change Type|Local File PATH Old|Local File PATH New|Complexity|Methods|Tokens|Lines Of Code (nloc)|Lines Added|Lines Deleted
0|mpt3sas_debugfs.c|ADD|new file|drivers/scsi/mpt3sas/mpt3sas_debugfs.c|15|7|472|91|158|0
